3.920640726037463164e-01
2.062681584280194047e-01
1.610210044077965696e-01
1.385631718644933785e-01
1.201295272188704355e-01
1.107688985390750253e-01
9.975669468374556703e-02
7.677593794171728991e-02
6.707059982871113601e-02
6.270726533717216333e-02
5.906349182023063610e-02
5.609253692648121653e-02
5.499272832655471149e-02
5.251877318135921707e-02
5.153976862410009074e-02
5.128633368898321415e-02
4.912040569549705471e-02
4.818204385882884910e-02
4.714897973344810839e-02
4.634510661285883015e-02
4.502881452902388060e-02
4.458520150748622457e-02
4.490441623706614704e-02
4.391219148640097825e-02
4.298217492560817837e-02
4.241640592690412020e-02
4.161015098119737882e-02
4.093790626628697471e-02
4.056197536030981682e-02
4.056054864594744319e-02
3.965052328380094110e-02
3.890882924441031038e-02
3.887349661422646874e-02
3.810228560477087190e-02
3.787727801593229748e-02
3.794044141106227980e-02
3.690685165307958787e-02
3.744458563187320899e-02
3.615519912267989300e-02
3.596832321976599356e-02
3.567015357081174121e-02
3.495583532331771048e-02
3.512435257699451918e-02
3.480621526147253258e-02
3.420463682944734768e-02
3.403071193038691156e-02
3.415697082340384688e-02
3.445656817616211259e-02
3.354557718323730037e-02
3.312474570862234541e-02
3.319561903146182880e-02
3.291672591227737255e-02
3.297489948895816758e-02
3.244860209656934974e-02
3.199802764149440454e-02
3.245698145384234845e-02
3.205951059805083048e-02
3.162892779145429212e-02
3.189884076194524770e-02
3.147371095250337675e-02
3.114331835329925760e-02
3.104428813345295676e-02
3.088423062563849797e-02
3.058627739507101956e-02
3.034006762268699406e-02
3.018865989023117313e-02
2.988226924097247758e-02
2.988336885084300412e-02
2.997559257029338078e-02
2.976813639090304317e-02
2.950762780425755447e-02
2.947326799838570835e-02
2.914212323264050997e-02
2.925983223381803389e-02
2.913206116022766176e-02
2.890529972890922006e-02
2.901911405248275289e-02
2.905446507947690576e-02
2.887885160233876619e-02
2.861116507588183991e-02
2.862859122598764017e-02
2.923784992798883139e-02
2.999218924888676779e-02
2.895997273761690208e-02
2.838602176721418888e-02
2.785236448832026368e-02
2.795009198492248367e-02
2.773898135906606097e-02
2.770369922348172101e-02
2.759640133419447028e-02
2.739908892183150202e-02
2.734949729792331488e-02
2.734516592878698943e-02
2.724769021342364483e-02
2.755222744381651684e-02
2.723717031398441291e-02
2.685932286333184843e-02
2.751034488764467212e-02
2.678510608677934363e-02
2.669472394313593400e-02
2.637133799693658354e-02
2.645908496075629820e-02
2.640055921656386112e-02
2.635473282634455752e-02
2.647365923764922330e-02
2.621324538980444874e-02
2.607367753997664322e-02
2.608372155484331781e-02
2.627738534304195628e-02
2.619708348717682267e-02
2.650547436216892441e-02
2.635774649358352262e-02
2.570666470775170159e-02
2.580826346233736773e-02
2.573921425123465098e-02
2.554611950727176881e-02
2.567022441797060447e-02
2.562866248341607103e-02
2.535293247212406717e-02
2.560585604168811105e-02
2.599485730823225885e-02
2.535413631546594090e-02
2.529639440656222468e-02
2.511945453518269269e-02
2.518436563012715901e-02
2.533249728256890473e-02
2.519357049925595796e-02
2.501610563411166971e-02
2.558004075046090009e-02
2.492477780823203204e-02
2.490627995674710507e-02
2.467880140704621292e-02
2.467412455928833653e-02
2.465752618248422817e-02
2.473306795747554770e-02
2.457924296617326407e-02
2.441989762480793746e-02
2.453578078012699781e-02
2.435750782939608700e-02
2.436114173478913167e-02
2.456937432534830185e-02
2.476263769303615331e-02
2.423458583445067469e-02
2.415605397344028696e-02
2.422018119624004540e-02
2.406882843780432796e-02
2.416161968377959768e-02
2.407397078714021074e-02
2.408863031950352410e-02
2.415755613296392476e-02
2.396991938723034773e-02
2.397350185961362803e-02
2.399410840685236787e-02
2.403532565566170176e-02
2.363725854929693559e-02
2.356964830292142266e-02
2.354488459253661903e-02
2.356483931225577394e-02
2.349091334743798679e-02
2.368973461860995888e-02
2.363582452988787982e-02
2.349360394638876429e-02
2.373890022410317033e-02
2.340192354947162254e-02
2.331729674497302549e-02
2.345341472933281518e-02
2.326548464581151138e-02
2.341895216422931400e-02
2.332067904490193327e-02
2.333206299055445160e-02
2.371572005505310360e-02
2.326944985822455500e-02
2.313093755456592168e-02
2.306224782547177873e-02
2.303702090425064491e-02
2.289208784446173164e-02
2.288163143088677368e-02
2.282659620432185912e-02
2.291427201623090493e-02
2.264904430705935029e-02
2.274872995591720182e-02
2.268954397253370933e-02
2.253109896730372610e-02
2.261400016479266084e-02
2.265319779689151103e-02
2.253944350133415056e-02
2.237217215975186024e-02
2.234616621531156783e-02
2.220374718591956384e-02
2.211457306641059078e-02
2.228531736704766203e-02
2.225307094992598142e-02
2.229658760345871321e-02
2.239361753803500651e-02
2.216198430209974021e-02
2.197845080392061765e-02
2.193976003149328627e-02
2.189524568624904091e-02
2.189309004541129325e-02
2.186232514184238696e-02
2.194250651641372132e-02
2.225192739731735730e-02
2.185370351973673492e-02
2.183952760603420640e-02
2.190501549347804305e-02
2.202923585604526710e-02
2.163325803083160359e-02
2.160999174066783809e-02
2.193319402211726249e-02
2.417053121417564454e-02
2.266529076867361200e-02
2.193944360389889561e-02
2.175501122019848563e-02
2.144128989044601433e-02
2.131251085649765731e-02
2.134736761817437531e-02
2.129018184918398185e-02
2.134171323515266991e-02
2.118769988232400286e-02
2.129912190517303794e-02
2.120237891717739742e-02
2.109057041294286686e-02
2.135827187458190154e-02
2.118712616115732764e-02
2.118407209597070531e-02
2.119613132656436930e-02
2.111235798115902035e-02
2.109772916306764529e-02
2.111314983120852334e-02
2.096571001866364553e-02
2.092720799427810405e-02
2.103216483440573450e-02
2.120979676587305893e-02
2.108372817451974537e-02
2.096787774448676672e-02
2.093389120759968705e-02
2.084442462067142079e-02
2.093091650848489041e-02
2.089345029152207822e-02
2.106709031360757753e-02
2.092589767775458048e-02
2.079714887328011283e-02
2.067733728310319069e-02
2.070186998863349573e-02
2.070728348372461586e-02
2.094573138035051366e-02
2.063126315729893814e-02
2.059375927162194683e-02
2.076236723829108163e-02
2.072377749286376594e-02
2.067977018023069505e-02
2.053239631439634366e-02
2.052735589644982817e-02
2.044640832359962551e-02
2.048172634841523634e-02
2.047502450297200571e-02
2.047750926593092796e-02
2.045513395237051613e-02
2.048654334250136350e-02
2.036948872513725042e-02
2.045113356233036264e-02
2.057051345070928794e-02
2.037744679101253717e-02
2.046276182163070043e-02
2.031773144879176624e-02
2.035754791284683993e-02
2.031293339774065468e-02
2.037292970831112299e-02
2.023098146035428105e-02
2.040229613771298370e-02
2.016782903980476882e-02
2.013191901514035584e-02
2.037755963272065013e-02
2.024521121215632977e-02
2.013673866947310667e-02
2.020345806398862396e-02
2.034803183927928055e-02
2.024449900696115648e-02
2.015555395594954488e-02
2.014497278389562954e-02
2.026323734379582853e-02
1.994717882531267528e-02
2.000068865417829397e-02
1.996231968559510073e-02
2.005470857753752570e-02
1.996788952380555010e-02
1.987880003321509589e-02
1.991454130468605505e-02
2.005552286438111106e-02
1.993525380628747776e-02
1.990197051669939307e-02
1.992772578463555475e-02
1.997014981959599131e-02
1.986339031130392868e-02
1.980742553975725975e-02
1.988631825684321688e-02
1.995477635736607122e-02
1.976615823862033772e-02
1.977958536519277416e-02
1.970524236915197416e-02
1.977161659879438788e-02
1.969197236628988587e-02
1.980576020174526150e-02
1.977873462493772924e-02
1.972403309819723699e-02
1.961426155000002558e-02
1.958870452194120745e-02
1.964663250257465618e-02
1.963379974408478723e-02
1.953082633375335248e-02
1.961706497837359051e-02
1.967642163240716086e-02
1.971419464242996772e-02
1.977343631238274654e-02
1.969250729132702646e-02
1.968777212226892684e-02
1.976855248798730161e-02
1.977236930778007371e-02
1.962986787500446695e-02
2.252744427135092153e-02
2.472383034983030928e-02
2.089246119198189325e-02
2.027303645059368165e-02
1.986952172237897718e-02
1.963241286916003400e-02
1.948055949956102942e-02
1.945508823445126281e-02
1.936899539213655930e-02
1.932631740899390729e-02
1.932881709012448240e-02
1.928217763119938893e-02
1.929846104992367570e-02
1.932781256587901009e-02
1.927419513925146544e-02
1.925956387259916691e-02
1.932640153893899412e-02
1.934346272210854534e-02
1.941759869426050444e-02
1.931220999262557927e-02
1.925472880395640712e-02
1.930750543577667427e-02
1.940665660186929181e-02
1.918946571633000503e-02
1.916646395107322182e-02
1.915369793217022373e-02
1.908439956983444541e-02
1.918974200396867877e-02
1.911438118055924090e-02
1.910468158116048962e-02
1.902075955773718449e-02
1.909125803056433215e-02
1.918720501228857178e-02
1.938566806117088606e-02
1.911564015101533537e-02
1.914620351278800009e-02
1.912654119244630579e-02
1.912136544685627548e-02
1.907788503788438242e-02
1.902263703128065017e-02
1.902267871257286302e-02
1.914836898661548964e-02
1.908090621429551700e-02
1.900449883568897796e-02
1.899999044911169360e-02
1.901353996876440147e-02
1.897936217762805772e-02
1.903100793057592444e-02
1.902543765765377093e-02
1.897378279277057989e-02
1.909770112426101979e-02
1.896572442378476400e-02
1.880816077101902031e-02
1.884656509489410561e-02
1.891139344624581664e-02
1.889054497910870600e-02
1.899813124669015585e-02
1.893368492281902529e-02
1.905602192811437293e-02
1.907848369071230704e-02
1.893262377359400048e-02
1.885375497699207092e-02
1.883752415082377146e-02
1.883838680784966080e-02
1.875910641581107416e-02
1.869667387122826013e-02
1.889133474632213178e-02
1.887079328771081380e-02
1.882661683725893320e-02
1.882250532073184712e-02
1.888005735512344671e-02
1.888230020479917531e-02
1.874176101529434826e-02
1.874519279108532652e-02
1.878427538901703692e-02
1.872965409210162330e-02
1.867346045334801127e-02
1.873498661646771576e-02
1.869144308168624313e-02
1.875003009943838547e-02
1.856727479096598535e-02
1.856200098575582977e-02
1.852954348208092628e-02
1.885652502612194387e-02
1.876324606858069052e-02
1.863751131313546444e-02
1.859356726428568543e-02
1.868525789204827925e-02
1.874786274217518992e-02
1.854223598745466731e-02
1.886214414079409596e-02
1.863851622389634324e-02
1.851234307681800390e-02
1.848840621455498379e-02
1.844677354390097251e-02
1.848097325490247883e-02
1.855310739572280446e-02
1.855385575759144895e-02
1.845761070728211412e-02
1.842134572822602331e-02
1.847438428424325388e-02
1.842547837174192751e-02
1.851564712391505843e-02
1.847858158356492642e-02
1.850069443898900295e-02
1.853503720227199850e-02
1.849366195371373450e-02
1.842848211054358074e-02
1.845468875381742202e-02
1.837214611977232986e-02
1.843712067034025681e-02
1.846548382387525403e-02
1.841516618984021317e-02
1.835916138323565386e-02
1.843515019967796598e-02
1.841815802321132914e-02
1.835592353895102585e-02
1.844360409772287379e-02
1.837087747509076607e-02
1.845528132729666940e-02
1.841264110642571936e-02
1.841021241844154055e-02
1.844358329393275958e-02
1.829101456747872848e-02
1.843936594778634863e-02
1.836672613613651514e-02
1.838091818047834017e-02
1.824971438890662240e-02
1.825643346972389419e-02
1.823147796926040051e-02
1.819302619565779308e-02
1.815092697350250556e-02
1.816782494794288300e-02
1.822058466191766105e-02
1.831695004042667094e-02
1.823373904280678123e-02
1.824802610756690383e-02
1.827175553769009447e-02
1.818648845388283128e-02
1.818123727258179681e-02
1.814125456721089533e-02
1.813810774305186016e-02
1.817029526240779638e-02
1.814041511717482541e-02
1.821986477177557975e-02
1.813839693217789151e-02
1.822129243494350140e-02
1.819210451045264951e-02
1.804679731414561214e-02
1.811853088136102657e-02
1.819380649560632321e-02
1.823361218826139232e-02
1.819142394659937698e-02
1.824806394071551083e-02
1.812179257997790366e-02
1.831407982994008934e-02
1.813845108024575783e-02
1.810551754646437875e-02
1.799916640445703431e-02
1.824247709299210360e-02
1.797755548134181633e-02
1.793985779173691217e-02
1.798515670655464332e-02
1.801343358304674860e-02
1.792760002641796344e-02
1.792634531802661871e-02
1.804407679285421201e-02
1.800429004134410788e-02
1.800380802922657564e-02
1.815238665696753198e-02
1.799250250556546499e-02
1.806278673356435938e-02
1.799050818624108039e-02
1.791498561700185024e-02
1.794739066231438099e-02
1.794493602298649973e-02
1.796239510439393006e-02
1.793828689200753501e-02
1.785456131952840864e-02
1.787473307946108037e-02
1.789377899656194315e-02
1.792073866729504070e-02
1.792898980162580327e-02
1.785393933213222720e-02
1.791974966698253041e-02
1.786016980171929378e-02
1.794662878752692134e-02
1.810035320638642489e-02
1.789106436372408029e-02
1.796186210720869189e-02
1.793222867693319150e-02
1.791199829329215287e-02
1.795937860302366379e-02
1.784119831765744457e-02
1.782865888372494462e-02
1.789245515955939850e-02
1.783868421024096054e-02
1.778849743151652771e-02
1.774281808536618682e-02
1.774288805410500353e-02
1.776074522795303978e-02
1.774915671028019087e-02
1.781607302447250907e-02
1.805352968296564456e-02
1.786626309330302531e-02
1.778335528536111390e-02
1.781972236685617356e-02
1.774360237899224452e-02
1.771717066042605149e-02
1.764110769586989952e-02
1.768838086145169824e-02
1.774326206682479493e-02
1.773966785250037995e-02
1.765064382571245039e-02
1.767182373689825045e-02
1.772502373255702493e-02
1.780183318074374937e-02
1.778406923412823026e-02
1.777446934530905673e-02
1.763874716312071114e-02
1.767877159798012313e-02
1.765409266488283599e-02
1.770286790493597745e-02
1.773989758251555415e-02
1.756917620914076605e-02
1.759001801857362768e-02
1.774918982397173314e-02
1.764092923064996404e-02
1.755761460910014102e-02
1.768186671129191173e-02
1.760974007775371192e-02
1.768153621226866562e-02
1.771296410032754606e-02
1.760970018728471448e-02
1.793079856803942232e-02
1.773600523109169352e-02
1.776352502738292455e-02
1.778700793816890766e-02
1.773194467931426405e-02
1.762107625993026422e-02
1.757559660143624691e-02
1.764801296654508467e-02
1.755498820809030247e-02
1.758887712810167786e-02
1.751013626242911569e-02
1.748411315490923032e-02
1.768899247813865774e-02
1.751292343731007672e-02
1.758158345196919603e-02
1.758596411646773383e-02
1.759855783360673304e-02
1.752068862443735900e-02
1.746633503338457238e-02
1.752766764489815596e-02
1.753375180564605354e-02
1.757765685518582546e-02
1.772797149372155184e-02
1.764363742313942648e-02
1.741560913985269049e-02
1.744996986145419191e-02
1.749374490289867107e-02
1.750114500307147630e-02
1.742747151219620899e-02
1.738726282950617263e-02
1.746778824437033445e-02
1.740583614788794586e-02
1.745629475892860119e-02
1.753447494478560867e-02
1.745216292199191707e-02
1.756323598710822845e-02
1.745755675913627028e-02
1.747215069728354914e-02
1.736953368250758814e-02
1.739160897506033393e-02
1.736727331442269873e-02
1.749656658254862551e-02
1.746748213928886462e-02
1.737456582203121894e-02
1.738565040063368150e-02
1.737049274819415026e-02
1.747265238766589068e-02
1.737647429524430756e-02
1.737281946887799314e-02
1.730827778248935842e-02
1.732797903504424905e-02
1.739443394339882862e-02
1.730025481321163447e-02
1.733709682196847568e-02
1.741947412097714226e-02
1.740182472184065993e-02
1.737773751925992746e-02
1.734804055492385547e-02
1.735735078682940774e-02
1.739389749781574887e-02
1.727528160864148093e-02
1.735557588634758369e-02
1.731660467572982906e-02
1.740110539304369486e-02
1.739404612716489648e-02
1.729028465775352477e-02
1.723470184517308934e-02
1.724249391591167746e-02
1.722732020370975822e-02
1.734604911698205132e-02
1.735241560880633471e-02
1.743720492838543232e-02
1.733048894796529807e-02
1.737816785077102646e-02
1.733371337855878214e-02
1.727679785471437912e-02
1.725226844070769372e-02
1.722290978886523508e-02
1.732914720651070398e-02
1.736526215805250101e-02
1.727615273404036617e-02
1.725981722409609606e-02
1.722101291394941350e-02
1.716974655469621566e-02
1.718930559887733509e-02
1.731054254541507242e-02
1.713951647599175343e-02
1.709045014636641213e-02
1.718801135629158608e-02
1.718430634812919203e-02
1.733743339372521841e-02
1.717487604979601318e-02
1.726546767439441840e-02
1.721462544350530963e-02
1.719243605803076613e-02
1.715471422869593171e-02
1.716733074173867890e-02
1.726196158936276620e-02
1.716179440090010236e-02
1.741049212475889729e-02
1.718131754828975191e-02
1.720736863187035531e-02
1.716180091590551252e-02
1.717356083520562085e-02
1.728634489015054565e-02
1.716623507734938228e-02
1.730821662705783054e-02
1.723338359941358269e-02
1.718585925646417406e-02
1.714644144146969251e-02
1.713924385694184926e-02
1.709175759757278895e-02
1.709035489488939380e-02
1.723079085028728086e-02
1.714825619036687912e-02
1.712512790085109898e-02
1.712287696317511126e-02
1.708344243587817460e-02
1.708941145378100115e-02
1.707654297143931452e-02
1.701109145896982644e-02
1.706957873495655587e-02
1.710226606503922886e-02
1.713701535558742953e-02
1.705671254052146951e-02
1.700917401368517642e-02
1.704652045056307200e-02
1.704708805741512664e-02
1.699534762331309651e-02
1.703993044132088089e-02
1.699877726192903019e-02
1.712757753910433556e-02
1.719672957795305088e-02
1.712087570074879647e-02
1.716070390201987830e-02
1.706286621119832564e-02
1.698891082868350319e-02
1.703032973032956796e-02
1.699689334000445071e-02
1.699967109487178843e-02
1.701994003744097469e-02
1.700473539172121101e-02
1.724792006772856226e-02
1.707653955044721034e-02
1.709157835837701173e-02
1.702201924273080008e-02
1.696690931757472570e-02
1.694682157796418773e-02
1.697918827886934698e-02
1.707899053725175226e-02
1.700175237685502480e-02
1.695662082462580378e-02
1.693260217419074662e-02
1.694167982777443696e-02
1.691186155808237918e-02
1.698856837934101249e-02
1.690234842165389689e-02
1.696929229373317360e-02
1.697171002225728378e-02
1.691336515404469332e-02
1.695924351026811133e-02
1.693385437637461716e-02
1.702655087740650650e-02
1.690018704451170736e-02
1.690552779248920973e-02
1.691210747543837531e-02
1.683531619253072695e-02
1.685724328241331241e-02
1.700079630737163019e-02
1.689451631869249432e-02
1.689575998871414853e-02
1.699137271210392555e-02
1.694289463435648055e-02
1.685129643811498004e-02
1.689247627761961482e-02
1.706057419232128239e-02
1.697353122898584074e-02
1.690124917372811536e-02
1.684082610762282703e-02
1.688186327616373814e-02
1.681197605146362434e-02
1.690887554228789544e-02
1.691024812748291931e-02
1.686550192449871172e-02
1.685357588531855022e-02
1.686001660133121943e-02
1.689118207047231660e-02
1.692453086402651019e-02
1.681898482888559074e-02
1.679612299165618092e-02
1.678139599865157913e-02
1.692526542946870202e-02
1.695880671005784920e-02
1.685623579929317745e-02
1.681119776772687507e-02
1.686147466974776202e-02
1.679306772250714272e-02
1.679190631458778518e-02
1.680119270822652208e-02
1.681570877060710109e-02
1.681230351790022337e-02
1.687931088812909958e-02
1.687280542228062827e-02
1.688470106849750130e-02
1.688639999460381583e-02
1.687387280347594012e-02
1.677750141271505679e-02
1.682566993792821569e-02
1.679186343500331177e-02
1.678580396682522943e-02
1.680870214973319635e-02
1.691079251694987615e-02
1.681556125780551622e-02
1.684405191039325261e-02
1.675863421977110551e-02
1.681304233737444809e-02
1.695301259273898631e-02
1.684843147866227700e-02
1.675522429013330886e-02
1.680757154491817340e-02
1.677861431436844866e-02
1.670424611827917016e-02
1.672670167300496780e-02
1.670673934866606647e-02
1.677379637147677349e-02
1.677508531246978823e-02
1.674311030854554530e-02
1.666351982247309127e-02
1.668178663555511948e-02
1.672970051940989716e-02
1.669245238785874511e-02
1.672088368906852682e-02
1.673768784799804440e-02
1.672887984041421250e-02
1.673089697643290533e-02
1.666433394866235346e-02
1.675537805805830602e-02
1.670036635884683540e-02
1.674864508914711628e-02
1.665940659875754168e-02
1.665228500089054042e-02
1.673104563082522533e-02
1.680604489128006626e-02
1.667590302385423690e-02
1.671477092240045495e-02
1.669904485889221399e-02
1.662780328940568000e-02
1.668268615471597133e-02
1.674871987940574486e-02
1.665001663080270533e-02
1.667385314931910806e-02
1.668519382887174649e-02
1.672122702342734510e-02
1.667230574528482182e-02
1.667143067771229697e-02
1.693431348721806395e-02
1.681496274011622452e-02
1.665297758452242635e-02
1.655754878859965265e-02
1.660907086417767048e-02
1.656556312459743496e-02
1.659929383695428126e-02
1.666508308875944838e-02
1.663849230162054577e-02
1.664307517982841628e-02
1.665060725752954066e-02
1.663310046745761911e-02
1.666372188545086827e-02
1.657555540546374120e-02
1.654260287005577049e-02
1.659401314439869213e-02
1.665775432146968452e-02
1.660362964865521457e-02
1.668297596377869146e-02
1.659792175734787004e-02
1.652064643429808702e-02
1.674102635544789594e-02
1.664239153141209779e-02
1.653542881618896149e-02
1.657439069090035910e-02
1.660551793990493186e-02
1.659718503724766717e-02
1.686871538287428376e-02
1.669476355531383793e-02
1.657160169826295965e-02
1.652855935725296155e-02
1.653225056615382701e-02
1.650385896924302931e-02
1.668078522469597022e-02
1.657646985366403869e-02
1.649805995385729071e-02
1.662393781734051307e-02
1.663165319879184381e-02
1.656816385777120162e-02
1.652305049586423255e-02
1.663693277243730867e-02
1.657203671710025944e-02
1.647582770958883058e-02
1.655458133877503110e-02
1.645503314953809457e-02
1.647739240333611840e-02
1.659571412499032117e-02
1.653021804606593856e-02
1.663189424170660388e-02
1.660663691145674442e-02
1.646860331232659000e-02
1.645476128745357314e-02
1.649122130747587844e-02
1.646284777708899652e-02
1.657497640160483787e-02
1.661196047981670920e-02
1.657800812922504904e-02
1.647492000036497248e-02
1.644416993464055399e-02
1.648770144822587352e-02
1.652453839589895085e-02
1.647101761891356722e-02
1.649181708364635610e-02
1.652542166487478564e-02
1.656073353662973480e-02
1.650079147193726434e-02
1.649287706860003144e-02
1.641690164600333179e-02
1.644592566150115259e-02
1.647925470638613929e-02
1.650016272902670236e-02
1.651334932205309261e-02
1.654601256060213299e-02
1.653151132000061155e-02
1.645912199017966412e-02
1.645812015358655289e-02
1.650521722690730109e-02
1.653978661296181402e-02
1.644506545161865396e-02
1.655842697570116331e-02
1.639019907511230292e-02
1.646889358634183106e-02
1.646584128740776268e-02
1.636329838341713319e-02
1.637822828566979499e-02
1.643691972022822204e-02
1.647884181153949634e-02
1.654339036259295723e-02
1.646228084734767047e-02
1.650603448963600811e-02
1.638250011347805110e-02
1.637256634433459368e-02
1.641620604301514963e-02
1.645629604090475748e-02
1.642604307273902789e-02
1.638066911439584744e-02
1.639095121330261598e-02
1.635625085144675611e-02
1.635256247100704344e-02
1.646575213843254337e-02
1.643271363216992215e-02
1.638187540724366995e-02
1.635800974981274289e-02
1.639268945813753681e-02
1.646880799633243520e-02
1.652451092731689608e-02
1.641856958661540300e-02
1.634188324216808222e-02
1.634194514416970750e-02
1.634226253663507641e-02
1.641061064092142960e-02
1.640384719304963448e-02
1.632540920047152733e-02
1.634279985353161505e-02
1.636025500174315139e-02
1.628994388966044024e-02
1.643587367723491413e-02
1.635680240137150215e-02
1.642357692772637018e-02
1.649230095273888225e-02
1.643581537908781268e-02
1.645043942054808320e-02
1.639767560705292920e-02
1.645194709760277110e-02
1.631130795700939592e-02
1.634792001745018555e-02
1.650360413462694659e-02
1.646023943315282415e-02
1.639704542156102812e-02
1.632529237075604212e-02
1.627398252332198578e-02
1.631002939050570089e-02
1.632111098093771279e-02
1.640934681114450053e-02
1.635275538188591185e-02
1.632286072200715005e-02
1.636410757562855450e-02
1.631123283079422351e-02
1.633222137763529203e-02
1.633914317113533202e-02
1.633075799534067923e-02
1.626189597771289866e-02
1.629183788886383669e-02
1.631214016248041729e-02
1.625207002368721926e-02
1.628482661468464918e-02
1.627472433710933086e-02
1.632188103728295092e-02
1.626390491280079245e-02
1.626641683248337272e-02
1.632203094241644475e-02
1.626803216163895047e-02
1.629716043943139556e-02
1.632055807868155670e-02
1.634165007415034482e-02
1.632204531436338979e-02
1.645628389732780791e-02
1.629666998445655074e-02
1.625993661204459817e-02
1.623897352749656756e-02
1.625827494640147072e-02
1.626007907226765040e-02
1.620389909810943802e-02
1.617872364013888190e-02
1.626211529638276268e-02
1.623637795416172508e-02
1.618148683358167084e-02
1.627811599846027898e-02
1.627275469759691812e-02
1.625313264951450121e-02
1.621846865979791052e-02
1.634032502279010590e-02
1.620577761496099292e-02
1.623323801026043192e-02
1.622152261205399293e-02
1.621248663692743952e-02
1.619352657822320171e-02
1.625912699173665335e-02
1.621250936762443431e-02
1.626871253223451802e-02
1.617884020524724270e-02
1.617626608068237909e-02
1.628565656248988358e-02
1.616476925977334070e-02
1.623578954871719368e-02
1.629318022757451218e-02
1.628452629788402009e-02
1.618609376882974502e-02
1.625052089545401396e-02
1.630059008229994486e-02
1.635042196286172131e-02
1.624209615569665796e-02
